STS/STS1.epd
0, 951, 157
1, 1817, 682
2, 1540, 246
3, 1756, 320
4, 2998, 1649
5, 1755, 200
6, 1665, 117
7, 1443, 158
8, 2518, 1106
9, 4213, 2059
10, 4745, 2835
11, 2191, 1127
12, 2389, 159
13, 1162, 154
14, 1326, 238
15, 2536, 898
16, 1680, 176
17, 1769, 153
18, 5421, 2502
19, 1612, 162
20, 2255, 546
21, 2321, 1039
22, 2694, 866
23, 1524, 408
24, 2823, 1238
25, 1878, 235
26, 3507, 1853
27, 3217, 1294
28, 5511, 3682
29, 2539, 1389
30, 2810, 772
31, 2033, 320
32, 1946, 32
33, 2933, 182
34, 2080, 355
35, 2339, 138
36, 7025, 3972
37, 1571, 226
38, 3853, 2103
39, 3673, 1325
40, 2651, 1045
41, 3812, 2190
42, 3956, 1262
43, 3390, 1624
44, 2326, 330
45, 971, 181
46, 6037, 4388
47, 2427, 314
48, 5542, 2882
49, 3710, 1595
50, 2117, 938
51, 2612, 667
52, 2249, 389
53, 3982, 1385
54, 5300, 1991
55, 3348, 1019
56, 3808, 1792
57, 4165, 2074
58, 1189, 386
59, 2898, 407
60, 3880, 1962
61, 4297, 1605
62, 3061, 1178
63, 5072, 2345
64, 2962, 1008
65, 2752, 659
66, 2700, 208
67, 8586, 2175
68, 4168, 1667
69, 4427, 1980
70, 1598, 140
71, 3942, 1306
72, 7208, 4346
73, 8577, 5992
74, 2228, 1020
75, 3062, 1759
76, 1550, 205
77, 3727, 1535
78, 3478, 880
79, 6673, 3946
80, 2965, 895
81, 3718, 1505
82, 2782, 309
83, 2107, 133
84, 3071, 126
85, 1592, 472
86, 1617, 327
87, 699, 184
88, 1389, 137
89, 4399, 2773
90, 3272, 1106
91, 2368, 631
92, 4177, 598
93, 2132, 175
94, 4902, 2239
95, 3433, 2033
96, 3717, 145
97, 4008, 2323
98, 7822, 4688
99, 3254, 1155
>>(Avg Hits): (3178, 1218)
STS/STS2.epd
0, 2769, 287
1, 2335, 530
2, 4831, 2790
3, 3466, 1741
4, 2121, 696
5, 3482, 1478
6, 2227, 781
7, 3556, 1959
8, 3497, 813
9, 2079, 178
10, 3523, 1125
11, 2205, 590
12, 4999, 1774
13, 2095, 29
14, 5362, 1399
15, 5066, 1950
16, 2341, 382
17, 2069, 385
18, 2699, 735
19, 4012, 2304
20, 4676, 543
21, 6020, 3731
22, 4373, 1831
23, 2398, 659
24, 3579, 2188
25, 2706, 787
26, 5881, 1961
27, 5587, 2625
28, 1717, 522
29, 2116, 199
30, 2922, 521
31, 1152, 321
32, 1839, 400
33, 3840, 1905
34, 4839, 2228
35, 4612, 2343
36, 3055, 308
37, 6105, 3017
38, 3098, 374
39, 6067, 3042
40, 4549, 1370
41, 2918, 106
42, 3589, 541
43, 4874, 2587
44, 1377, 187
45, 5552, 2968
46, 4744, 2313
47, 3547, 2314
48, 3562, 479
49, 3369, 2040
50, 3849, 2165
51, 1774, 253
52, 2515, 244
53, 4172, 2402
54, 2985, 1249
55, 3478, 1200
56, 4371, 351
57, 1478, 119
58, 4309, 1196
59, 1633, 262
60, 3905, 1202
61, 2481, 1052
62, 5004, 1878
63, 4443, 138
64, 2311, 576
65, 6393, 2292
66, 6029, 2364
67, 4761, 2048
68, 6800, 2740
69, 4065, 2010
70, 3918, 928
71, 5611, 2432
72, 2803, 795
73, 5756, 2057
74, 3922, 1411
75, 3328, 254
76, 5322, 251
77, 5864, 3067
78, 4776, 2006
79, 1457, 155
80, 4281, 2239
81, 3722, 2042
82, 2546, 765
83, 2543, 262
84, 1865, 212
85, 7648, 5086
86, 3228, 1446
87, 2981, 1082
88, 3020, 817
89, 5301, 2282
90, 2828, 1249
91, 4243, 1791
92, 2225, 285
93, 3268, 1479
94, 2353, 1029
95, 2452, 180
96, 1632, 361
97, 1574, 629
98, 5013, 1635
99, 3280, 1833
>>(Avg Hits): (3649, 1321)
STS/STS3.epd
0, 2404, 221
1, 6227, 3113
2, 1350, 374
3, 1664, 384
4, 2051, 244
5, 1438, 143
6, 3632, 2244
7, 2334, 876
8, 3164, 1787
9, 4486, 1943
10, 2516, 217
11, 1814, 472
12, 2315, 726
13, 3933, 2009
14, 5614, 2776
15, 3279, 1412
16, 3763, 1546
17, 1871, 149
18, 5155, 2452
19, 3622, 242
20, 1901, 528
21, 5044, 2310
22, 3159, 296
23, 4155, 2177
24, 2902, 736
25, 4223, 1625
26, 5604, 1750
27, 4441, 2015
28, 1389, 250
29, 3890, 2318
30, 1302, 141
31, 1685, 277
32, 2283, 257
33, 3156, 1480
34, 2874, 272
35, 1985, 127
36, 3776, 1842
37, 2698, 1349
38, 2083, 404
39, 2789, 193
40, 1946, 182
41, 1939, 862
42, 2522, 1465
43, 7229, 2477
44, 5860, 3302
45, 1387, 233
46, 1724, 393
47, 2200, 312
48, 2420, 466
49, 6910, 3149
50, 4230, 1996
51, 3099, 1411
52, 3370, 1707
53, 2716, 504
54, 1247, 397
55, 3055, 660
56, 6818, 3668
57, 3634, 2094
58, 4889, 2470
59, 6387, 3323
60, 5250, 1823
61, 4737, 1226
62, 4425, 1186
63, 2002, 379
64, 3773, 1521
65, 2536, 599
66, 5371, 3347
67, 2726, 1242
68, 4521, 2584
69, 2880, 1571
70, 3083, 1165
71, 2324, 561
72, 5172, 2766
73, 1427, 211
74, 1794, 315
75, 6107, 4107
76, 7821, 5346
77, 3168, 1457
78, 3125, 1057
79, 1536, 214
80, 1233, 94
81, 4216, 2580
82, 3960, 2091
83, 2493, 115
84, 4778, 2958
85, 1841, 356
86, 1472, 219
87, 2396, 699
88, 1510, 305
89, 1647, 107
90, 3627, 353
91, 1771, 503
92, 1487, 446
93, 1415, 135
94, 2696, 217
95, 1394, 119
96, 2198, 933
97, 4260, 2223
98, 1987, 251
99, 2870, 1455
>>(Avg Hits): (3205, 1235)
STS/STS4.epd
0, 2781, 908
1, 4857, 3051
2, 5307, 1669
3, 3732, 418
4, 4339, 1914
5, 4706, 2278
6, 5500, 2515
7, 6990, 2689
8, 1417, 609
9, 1197, 166
10, 2371, 365
11, 2068, 347
12, 7389, 4837
13, 5998, 2698
14, 7897, 3673
15, 3368, 414
16, 4609, 1880
17, 2138, 485
18, 1479, 517
19, 2960, 482
20, 6085, 2378
21, 4707, 540
22, 1489, 176
23, 2957, 372
24, 3267, 1292
25, 8604, 4114
26, 2636, 998
27, 2331, 332
28, 2380, 53
29, 3782, 234
30, 4081, 371
31, 1577, 329
32, 5460, 2152
33, 5257, 1943
34, 2606, 1311
35, 4314, 2139
36, 4090, 192
37, 2301, 257
38, 2316, 933
39, 4485, 2540
40, 3167, 154
41, 4923, 3266
42, 2764, 1487
43, 5499, 2843
44, 4855, 2566
45, 5961, 2952
46, 3675, 1822
47, 4198, 300
48, 1272, 294
49, 2861, 703
50, 2541, 211
51, 5946, 2653
52, 1955, 341
53, 3063, 162
54, 4545, 1574
55, 3236, 1407
56, 1666, 385
57, 1982, 794
58, 5377, 2210
59, 6668, 3328
60, 5087, 2773
61, 3253, 1652
62, 3587, 2005
63, 2721, 760
64, 2365, 220
65, 4571, 1845
66, 4361, 1890
67, 3185, 598
68, 4723, 1601
69, 2557, 1142
70, 7188, 2426
71, 3244, 115
72, 4396, 2400
73, 5111, 1359
74, 2736, 738
75, 2643, 257
76, 7070, 3625
77, 4336, 1395
78, 2108, 594
79, 5910, 2772
80, 3063, 1489
81, 3441, 1399
82, 6110, 3028
83, 2537, 470
84, 3123, 181
85, 4548, 2164
86, 3462, 526
87, 2646, 224
88, 4009, 2281
89, 3390, 459
90, 4682, 2046
91, 4185, 456
92, 3508, 1877
93, 2306, 388
94, 3967, 1866
95, 2558, 170
96, 1797, 812
97, 1884, 731
98, 3898, 257
99, 4184, 1577
>>(Avg Hits): (3824, 1365)
STS/STS5.epd
0, 1588, 117
1, 1884, 587
2, 2047, 289
3, 4605, 3134
4, 4922, 2322
5, 2452, 1167
6, 4022, 2100
7, 2407, 1186
8, 6809, 4580
9, 1325, 219
10, 3616, 1655
11, 4106, 1968
12, 5214, 3585
13, 4094, 2838
14, 3189, 457
15, 2050, 99
16, 2951, 736
17, 2254, 312
18, 5484, 3230
19, 3000, 1087
20, 1673, 256
21, 1412, 278
22, 2429, 1059
23, 1538, 143
24, 1541, 168
25, 2056, 172
26, 4515, 3034
27, 4518, 1849
28, 4052, 1203
29, 2582, 385
30, 1508, 548
31, 4432, 2579
32, 2101, 166
33, 2808, 276
34, 1624, 262
35, 1455, 172
36, 3319, 2395
37, 1113, 135
38, 1926, 325
39, 3800, 1583
40, 4054, 2481
41, 1308, 57
42, 3014, 252
43, 2431, 222
44, 1412, 315
45, 3593, 1786
46, 2706, 942
47, 2162, 1203
48, 2193, 1033
49, 7081, 3711
50, 4853, 3279
51, 4656, 1022
52, 4967, 3208
53, 6165, 2211
54, 2154, 135
55, 2981, 860
56, 3797, 1273
57, 4958, 3135
58, 1966, 587
59, 5203, 1264
60, 1268, 239
61, 4949, 1436
62, 5271, 1436
63, 3429, 1361
64, 2616, 818
65, 1176, 145
66, 2289, 1318
67, 2261, 1171
68, 2712, 1103
69, 5356, 3331
70, 860, 217
71, 2715, 437
72, 1219, 146
73, 2620, 74
74, 1217, 242
75, 5170, 3217
76, 1877, 910
77, 997, 133
78, 2764, 691
79, 3893, 2539
80, 5168, 2592
81, 1277, 74
82, 4292, 2287
83, 2278, 1103
84, 1690, 91
85, 2145, 72
86, 1867, 505
87, 6065, 4543
88, 5223, 3684
89, 1269, 236
90, 6792, 4293
91, 1954, 460
92, 1921, 258
93, 3158, 1659
94, 1154, 203
95, 3541, 240
96, 2636, 1349
97, 1483, 151
98, 2495, 758
99, 7039, 5387
>>(Avg Hits): (3081, 1285)
STS/STS6.epd
0, 2493, 732
1, 4852, 2402
2, 2698, 1351
3, 5512, 508
4, 1424, 214
5, 2442, 230
6, 4504, 2657
7, 5875, 3608
8, 2768, 798
9, 5928, 2955
10, 3140, 138
11, 5193, 3005
12, 1424, 116
13, 1206, 190
14, 1715, 194
15, 4276, 1819
16, 2633, 1512
17, 1781, 601
18, 2588, 965
19, 2822, 744
20, 2936, 789
21, 2519, 1028
22, 4674, 2332
23, 4553, 2932
24, 1607, 369
25, 2177, 158
26, 5580, 3117
27, 5158, 2714
28, 5439, 3405
29, 4061, 2372
30, 2409, 510
31, 3113, 323
32, 3314, 2020
33, 5678, 3497
34, 5492, 3416
35, 1932, 188
36, 2355, 841
37, 2571, 1181
38, 5652, 3190
39, 2416, 897
40, 3901, 2055
41, 5631, 3545
42, 5022, 2968
43, 5206, 2857
44, 4958, 2681
45, 1185, 301
46, 877, 288
47, 3943, 702
48, 3528, 852
49, 1593, 215
50, 5968, 3959
51, 4340, 2410
52, 2998, 1635
53, 7705, 2047
54, 2696, 164
55, 5050, 2949
56, 2843, 543
57, 2873, 28
58, 3744, 112
59, 1260, 294
60, 1651, 531
61, 1348, 307
62, 4964, 2448
63, 5420, 3299
64, 4770, 2500
65, 2940, 907
66, 7713, 4056
67, 7300, 4788
68, 3590, 1631
69, 3583, 1079
70, 2430, 121
71, 3207, 1139
72, 2009, 171
73, 6130, 3957
74, 4824, 2110
75, 3430, 2212
76, 3833, 1969
77, 3889, 2101
78, 4273, 2171
79, 2145, 701
80, 3822, 1666
81, 1961, 287
82, 1949, 709
83, 6040, 2067
84, 2145, 146
85, 5832, 2713
86, 3781, 1467
87, 4516, 2449
88, 4907, 2035
89, 4793, 1277
90, 2138, 193
91, 3749, 2316
92, 3618, 2031
93, 4892, 2770
94, 1825, 143
95, 2641, 770
96, 2259, 772
97, 3511, 255
98, 6261, 3890
99, 2406, 209
>>(Avg Hits): (3667, 1569)
STS/STS7.epd
0, 3990, 1958
1, 4491, 1743
2, 2048, 679
3, 2402, 328
4, 5678, 2969
5, 2331, 266
6, 7442, 5098
7, 4810, 2867
8, 3888, 206
9, 1796, 223
10, 2935, 1556
11, 1361, 253
12, 2104, 202
13, 4473, 2139
14, 2708, 555
15, 2263, 246
16, 1799, 417
17, 4180, 1987
18, 1851, 341
19, 3618, 1624
20, 1940, 193
21, 1810, 225
22, 1897, 771
23, 2141, 257
24, 1523, 194
25, 4220, 1470
26, 3313, 1891
27, 2661, 348
28, 1546, 307
29, 2890, 1485
30, 3993, 939
31, 2986, 874
32, 4338, 1534
33, 3326, 2036
34, 1260, 254
35, 4080, 255
36, 4545, 1620
37, 2824, 1255
38, 4721, 2456
39, 3267, 1135
40, 1900, 190
41, 2501, 799
42, 1437, 308
43, 3696, 1701
44, 2494, 205
45, 1934, 589
46, 4299, 2777
47, 1845, 366
48, 1515, 124
49, 3838, 1815
50, 2040, 330
51, 3066, 304
52, 2485, 564
53, 2554, 523
54, 1964, 432
55, 4186, 301
56, 2097, 669
57, 5061, 2861
58, 2855, 1130
59, 5343, 2277
60, 2963, 1095
61, 6720, 4344
62, 2975, 277
63, 3618, 2211
64, 3528, 2177
65, 5314, 3400
66, 3011, 242
67, 4371, 1932
68, 5158, 2322
69, 4048, 2247
70, 1614, 247
71, 5139, 2861
72, 3257, 1017
73, 4216, 2290
74, 4540, 1343
75, 1725, 436
76, 2515, 136
77, 2197, 1118
78, 2804, 1281
79, 2146, 933
80, 2397, 412
81, 3001, 1199
82, 1809, 267
83, 2177, 528
84, 1347, 261
85, 2759, 389
86, 6300, 3142
87, 2307, 239
88, 3747, 879
89, 1251, 321
90, 2133, 933
91, 4003, 1448
92, 2330, 288
93, 1987, 366
94, 2722, 1316
95, 2004, 361
96, 1931, 438
97, 3418, 627
98, 1913, 591
99, 2769, 255
>>(Avg Hits): (3067, 1095)
STS/STS8.epd
0, 2804, 249
1, 2865, 266
2, 6629, 3749
3, 2979, 258
4, 3187, 1822
5, 3574, 1932
6, 2376, 437
7, 2469, 228
8, 4799, 3320
9, 4951, 2604
10, 6871, 3461
11, 5264, 2625
12, 1802, 294
13, 5378, 3488
14, 4873, 3144
15, 5273, 3602
16, 2074, 167
17, 1785, 151
18, 1876, 186
19, 1861, 248
20, 2527, 292
21, 5520, 3090
22, 4411, 2210
23, 4026, 2246
24, 1854, 733
25, 2002, 530
26, 5241, 2597
27, 1710, 702
28, 2718, 1528
29, 4870, 2776
30, 1801, 235
31, 2175, 235
32, 2985, 140
33, 2647, 134
34, 2523, 361
35, 5504, 3382
36, 1929, 157
37, 2138, 397
38, 4839, 3467
39, 2680, 835
40, 2717, 151
41, 2776, 235
42, 1558, 360
43, 2989, 319
44, 2118, 1057
45, 3177, 338
46, 2817, 122
47, 1418, 420
48, 4051, 2129
49, 2621, 1513
50, 2112, 70
51, 8619, 6379
52, 2856, 460
53, 1330, 237
54, 1395, 230
55, 3163, 1234
56, 2618, 304
57, 2015, 196
58, 3502, 208
59, 4183, 2227
60, 3394, 163
61, 1567, 197
62, 5661, 2560
63, 3337, 132
64, 2009, 169
65, 2619, 619
66, 2433, 203
67, 3115, 252
68, 2366, 1126
69, 2643, 1204
70, 5707, 2749
71, 1712, 69
72, 1413, 128
73, 2632, 734
74, 1947, 697
75, 2710, 770
76, 1920, 520
77, 4853, 2382
78, 4405, 2824
79, 2742, 530
80, 5084, 2494
81, 3955, 1466
82, 3611, 1576
83, 3359, 739
84, 1526, 416
85, 4298, 2370
86, 1548, 243
87, 1616, 270
88, 1506, 116
89, 2780, 1131
90, 2171, 930
91, 1984, 249
92, 2732, 1110
93, 1704, 186
94, 2644, 1044
95, 2520, 225
96, 2951, 922
97, 1786, 139
98, 4150, 2217
99, 2579, 154
>>(Avg Hits): (3095, 1124)
STS/STS9.epd
0, 2104, 364
1, 3922, 2251
2, 1471, 270
3, 3468, 1669
4, 3149, 1697
5, 1473, 436
6, 3358, 2121
7, 1798, 676
8, 3117, 109
9, 3286, 1383
10, 2804, 148
11, 4877, 2241
12, 6723, 3755
13, 2356, 856
14, 1505, 542
15, 2409, 94
16, 2132, 287
17, 1934, 551
18, 2223, 210
19, 5794, 3225
20, 4916, 3340
21, 1927, 819
22, 2326, 148
23, 3087, 363
24, 1874, 259
25, 2375, 259
26, 1150, 248
27, 1439, 142
28, 1880, 522
29, 1562, 500
30, 2019, 536
31, 4443, 1290
32, 4447, 2214
33, 2066, 966
34, 2837, 144
35, 2981, 314
36, 2243, 256
37, 2316, 313
38, 3081, 188
39, 1809, 449
40, 1792, 164
41, 2653, 126
42, 1796, 314
43, 1489, 206
44, 3769, 1795
45, 5527, 3723
46, 2074, 857
47, 3903, 1235
48, 3773, 269
49, 3165, 310
50, 3836, 1734
51, 3651, 1939
52, 1482, 241
53, 1540, 480
54, 3124, 586
55, 2632, 1251
56, 3303, 127
57, 4231, 2076
58, 1717, 177
59, 2197, 264
60, 4447, 2450
61, 5318, 2426
62, 7902, 5507
63, 3303, 333
64, 3065, 345
65, 3218, 859
66, 1572, 324
67, 2071, 295
68, 2257, 298
69, 891, 168
70, 5411, 3324
71, 2695, 559
72, 1978, 270
73, 2979, 1001
74, 3399, 1664
75, 2802, 300
76, 2421, 380
77, 1397, 535
78, 2243, 1001
79, 1765, 193
80, 2241, 143
81, 1754, 219
82, 3242, 1648
83, 5487, 2377
84, 2915, 86
85, 1979, 505
86, 4012, 2217
87, 3515, 293
88, 4764, 2431
89, 2426, 274
90, 3127, 194
91, 3361, 1325
92, 2476, 352
93, 3944, 1689
94, 2838, 774
95, 1753, 462
96, 1511, 467
97, 4830, 1389
98, 2118, 100
99, 6070, 3230
>>(Avg Hits): (2938, 964)
STS/STS10.epd
0, 5335, 3457
1, 2852, 1460
2, 5561, 3956
3, 3428, 698
4, 3906, 1254
5, 2527, 257
6, 796, 118
7, 3559, 185
8, 1449, 303
9, 2960, 1526
10, 2904, 242
11, 4059, 1720
12, 1887, 502
13, 3824, 2219
14, 4523, 2601
15, 2499, 530
16, 2301, 427
17, 3734, 2155
18, 3020, 592
19, 2888, 712
20, 2202, 745
21, 2594, 159
22, 6498, 2203
23, 4401, 1983
24, 4549, 1949
25, 2406, 712
26, 1480, 617
27, 4107, 165
28, 1792, 463
29, 2459, 342
30, 3673, 1924
31, 6953, 4756
32, 1505, 83
33, 1908, 262
34, 2757, 87
35, 5097, 3201
36, 2612, 149
37, 2555, 188
38, 1963, 200
39, 2157, 886
40, 2496, 324
41, 3193, 140
42, 3142, 266
43, 1815, 434
44, 2764, 1461
45, 1058, 123
46, 3174, 84
47, 3240, 1739
48, 1245, 64
49, 1987, 398
50, 3810, 833
51, 4516, 2430
52, 1315, 189
53, 2621, 1323
54, 3975, 2239
55, 3275, 175
56, 2921, 269
57, 3163, 1429
58, 1540, 418
59, 2445, 562
60, 2608, 731
61, 5167, 2996
62, 5393, 3308
63, 5970, 3260
64, 5032, 2016
65, 3160, 1090
66, 2467, 149
67, 2338, 363
68, 5414, 2254
69, 5586, 2129
70, 3005, 234
71, 3867, 102
72, 2763, 1338
73, 2321, 45
74, 2367, 955
75, 6911, 3838
76, 6190, 4136
77, 7347, 5415
78, 1313, 104
79, 3060, 1086
80, 2019, 198
81, 5299, 2519
82, 881, 127
83, 3458, 1814
84, 1585, 437
85, 1565, 215
86, 2077, 560
87, 6482, 3518
88, 1691, 167
89, 3894, 1953
90, 4271, 1720
91, 2932, 1590
92, 678, 105
93, 2582, 849
94, 3276, 328
95, 2130, 163
96, 2203, 883
97, 3484, 1665
98, 2710, 1291
99, 3327, 1586
>>(Avg Hits): (3201, 1181)
STS/STS11.epd
0, 2326, 514
1, 3892, 735
2, 4288, 2096
3, 3876, 1958
4, 2113, 562
5, 2712, 1450
6, 3475, 1274
7, 4754, 1619
8, 5146, 2503
9, 2011, 567
10, 7370, 4428
11, 2402, 732
12, 1765, 210
13, 2408, 513
14, 4181, 2183
15, 4281, 1503
16, 2172, 145
17, 4126, 1210
18, 8916, 5575
19, 3675, 1262
20, 4003, 1970
21, 6666, 3865
22, 4857, 2964
23, 3298, 1870
24, 4113, 1343
25, 4845, 1648
26, 5240, 1776
27, 5028, 2048
28, 4517, 1851
29, 8285, 5434
30, 2813, 335
31, 4818, 1750
32, 2831, 519
33, 2158, 225
34, 4629, 1124
35, 2615, 1055
36, 4647, 2812
37, 5416, 2562
38, 2126, 639
39, 6333, 1907
40, 7790, 2226
41, 2286, 284
42, 5071, 2068
43, 4555, 2096
44, 2987, 1929
45, 4569, 2352
46, 5198, 2516
47, 5831, 1731
48, 3549, 1912
49, 6513, 2606
50, 3181, 1147
51, 1597, 464
52, 3013, 693
53, 4112, 1862
54, 3243, 1243
55, 4501, 1695
56, 4506, 2331
57, 7360, 1616
58, 3935, 915
59, 6767, 2419
60, 2491, 530
61, 6012, 3081
62, 2866, 1393
63, 5919, 1842
64, 3499, 836
65, 6660, 2592
66, 7015, 2572
67, 3275, 1819
68, 989, 251
69, 5178, 1561
70, 6481, 1196
71, 6734, 1505
72, 5476, 2089
73, 2544, 821
74, 2801, 668
75, 6372, 3810
76, 6216, 1749
77, 2689, 1224
78, 4663, 1184
79, 3039, 1020
80, 2326, 854
81, 5949, 2772
82, 4961, 2984
83, 4272, 784
84, 5114, 1914
85, 4960, 1255
86, 3054, 946
87, 2599, 437
88, 4244, 2124
89, 5392, 1957
90, 1844, 232
91, 4572, 1365
92, 2596, 460
93, 2364, 257
94, 3863, 1598
95, 3124, 1061
96, 2031, 382
97, 4653, 2790
98, 4455, 1783
99, 7104, 1418
>>(Avg Hits): (4260, 1619)
STS/STS12.epd
0, 1955, 651
1, 2589, 844
2, 2139, 166
3, 3702, 1649
4, 1722, 215
5, 1551, 292
6, 4677, 1977
7, 1671, 391
8, 4208, 2094
9, 1100, 172
10, 7561, 4840
11, 3432, 888
12, 3545, 1985
13, 1035, 183
14, 3017, 1190
15, 3984, 1905
16, 1373, 326
17, 2253, 207
18, 3799, 1975
19, 1928, 392
20, 3889, 1447
21, 4081, 2340
22, 1823, 281
23, 2597, 1103
24, 4320, 2684
25, 1246, 199
26, 4119, 1735
27, 3456, 850
28, 2649, 353
29, 3930, 567
30, 3603, 1753
31, 4011, 1992
32, 2511, 280
33, 5795, 3468
34, 2111, 287
35, 5455, 2740
36, 9424, 6518
37, 3332, 1425
38, 8003, 5709
39, 2243, 506
40, 3904, 1832
41, 3181, 1503
42, 1789, 247
43, 3883, 1573
44, 3336, 1724
45, 3577, 1678
46, 2297, 231
47, 1784, 216
48, 3327, 411
49, 6242, 1499
50, 1376, 268
51, 1273, 159
52, 1786, 140
53, 2293, 102
54, 2667, 630
55, 2236, 793
56, 2684, 811
57, 2055, 311
58, 6020, 4013
59, 3975, 2006
60, 1864, 276
61, 4828, 1866
62, 4817, 2332
63, 6316, 2614
64, 5590, 2235
65, 2122, 1094
66, 5170, 2422
67, 4963, 1539
68, 4737, 628
69, 4295, 2610
70, 4745, 2354
71, 1171, 189
72, 4041, 1812
73, 1858, 246
74, 3104, 1302
75, 2849, 699
76, 5150, 2750
77, 1618, 351
78, 1953, 293
79, 8048, 5506
80, 2469, 222
81, 2649, 347
82, 1284, 466
83, 6315, 4322
84, 1917, 578
85, 1722, 915
86, 4499, 2527
87, 1988, 302
88, 2582, 1024
89, 2462, 266
90, 1417, 217
91, 3062, 433
92, 3355, 2021
93, 3079, 314
94, 4163, 2128
95, 2742, 383
96, 3504, 1894
97, 2489, 816
98, 2894, 79
99, 4456, 2163
>>(Avg Hits): (3338, 1332)
STS/STS13.epd
0, 4626, 135
1, 2024, 140
2, 5340, 2539
3, 2619, 217
4, 2595, 205
5, 7649, 4825
6, 2387, 386
7, 2029, 583
8, 3441, 1571
9, 2542, 209
10, 1573, 106
11, 3826, 1306
12, 2589, 1027
13, 3452, 1775
14, 1905, 303
15, 2129, 820
16, 1109, 51
17, 2781, 146
18, 1380, 86
19, 2650, 116
20, 1507, 461
21, 1326, 320
22, 4551, 2270
23, 2466, 576
24, 1342, 257
25, 4994, 1729
26, 1869, 190
27, 3063, 844
28, 3665, 201
29, 2855, 148
30, 6380, 3828
31, 2147, 183
32, 4897, 184
33, 2043, 238
34, 2107, 730
35, 2120, 772
36, 4133, 2153
37, 1295, 225
38, 1993, 245
39, 3848, 1735
40, 5925, 2959
41, 2943, 243
42, 3108, 357
43, 5157, 2535
44, 2916, 165
45, 4739, 2544
46, 1710, 405
47, 2353, 1028
48, 5954, 2906
49, 5750, 1822
50, 3390, 217
51, 3713, 1534
52, 1491, 215
53, 5941, 2170
54, 1345, 137
55, 5028, 2037
56, 5072, 2308
57, 2867, 994
58, 2386, 142
59, 2370, 920
60, 4755, 2620
61, 2332, 181
62, 2526, 297
63, 4084, 1801
64, 2148, 207
65, 2122, 318
66, 2110, 187
67, 1771, 140
68, 3475, 1956
69, 1698, 585
70, 2034, 243
71, 5645, 2933
72, 3867, 2326
73, 6196, 3887
74, 1638, 147
75, 2106, 528
76, 2729, 346
77, 3487, 1947
78, 3228, 124
79, 5066, 2589
80, 3473, 1389
81, 5752, 3448
82, 1567, 134
83, 3546, 1727
84, 3838, 2012
85, 1492, 162
86, 3024, 858
87, 2423, 102
88, 3165, 1362
89, 2838, 184
90, 3327, 2016
91, 2498, 48
92, 3230, 149
93, 4666, 2655
94, 2107, 82
95, 2349, 968
96, 4841, 1744
97, 3497, 1798
98, 1747, 569
99, 4284, 1529
>>(Avg Hits): (3180, 1057)
STS/STS14.epd
0, 5446, 2983
1, 1753, 521
2, 2780, 1299
3, 2545, 925
4, 3782, 1779
5, 2031, 319
6, 3940, 1694
7, 2728, 344
8, 4760, 2546
9, 4122, 1581
10, 4760, 2112
11, 1262, 286
12, 3772, 1483
13, 5779, 1888
14, 2250, 246
15, 1737, 173
16, 2133, 464
17, 1851, 382
18, 6463, 3581
19, 4574, 2318
20, 1799, 129
21, 2609, 1254
22, 5112, 1796
23, 5581, 1618
24, 2866, 370
25, 3798, 219
26, 5439, 3478
27, 4087, 2251
28, 3914, 1739
29, 2478, 175
30, 3269, 167
31, 5458, 1744
32, 5890, 2992
33, 5440, 1539
34, 2044, 589
35, 2808, 461
36, 5838, 2783
37, 1321, 193
38, 3401, 620
39, 4832, 1771
40, 4410, 2200
41, 2964, 760
42, 4795, 1022
43, 4229, 2285
44, 2453, 601
45, 4147, 1217
46, 4128, 1723
47, 2518, 880
48, 2807, 1128
49, 3494, 455
50, 4498, 1955
51, 7797, 4283
52, 5250, 2544
53, 4383, 2137
54, 3475, 1140
55, 4099, 1274
56, 5937, 2561
57, 1419, 165
58, 2516, 123
59, 2601, 925
60, 3218, 1560
61, 4295, 2427
62, 4030, 1307
63, 3657, 1465
64, 2713, 708
65, 3563, 611
66, 6619, 2694
67, 2622, 221
68, 4633, 1867
69, 4299, 1063
70, 3769, 1641
71, 3420, 317
72, 4042, 2113
73, 3600, 1621
74, 4910, 3192
75, 4900, 2514
76, 3386, 1807
77, 2682, 250
78, 2840, 102
79, 1714, 304
80, 2740, 993
81, 3949, 170
82, 2875, 984
83, 2228, 1172
84, 6063, 2361
85, 1436, 154
86, 4329, 1896
87, 2779, 519
88, 1350, 75
89, 1763, 311
90, 3610, 500
91, 2090, 250
92, 3306, 1340
93, 3172, 1898
94, 3279, 483
95, 2460, 897
96, 2307, 199
97, 4175, 1970
98, 3284, 1409
99, 4454, 2105
>>(Avg Hits): (3609, 1296)
