STS/STS1.epd
0, 1824
1, 1892
2, 1879
3, 860
4, 1346
5, 2160
6, 275
7, 1123
8, 2219
9, 3738
10, 1175
11, 3012
12, 1459
13, 4071
14, 1281
15, 1722
16, 1054
17, 1565
18, 9303
19, 1146
20, 1044
21, 1758
22, 1943
23, 1087
24, 2236
25, 2434
26, 1655
27, 4315
28, 562
29, 824
30, 2066
31, 614
32, 1040
33, 2474
34, 2307
35, 2804
36, 3109
37, 2305
38, 3277
39, 2483
40, 1884
41, 2166
42, 4347
43, 1158
44, 1881
45, 1553
46, 1416
47, 726
48, 1818
49, 1326
50, 1579
51, 1588
52, 2676
53, 6810
54, 2066
55, 2698
56, 2055
57, 1878
58, 2214
59, 2275
60, 644
61, 3811
62, 1587
63, 1913
64, 3327
65, 971
66, 1089
67, 5651
68, 2755
69, 3063
70, 282
71, 1331
72, 150
73, 299
74, 2439
75, 1713
76, 705
77, 1411
78, 961
79, 1803
80, 1656
81, 1870
82, 1083
83, 1052
84, 4150
85, 1651
86, 6189
87, 1587
88, 5648
89, 1011
90, 1782
91, 3645
92, 7281
93, 708
94, 3480
95, 1232
96, 1708
97, 1373
98, 1079
99, 1119
>>(Avg Hits): (2127)
STS/STS2.epd
0, 892
1, 1874
2, 2895
3, 6609
4, 2009
5, 1886
6, 1055
7, 1451
8, 3322
9, 2082
10, 3676
11, 2932
12, 5957
13, 8799
14, 4201
15, 3836
16, 1435
17, 1030
18, 3380
19, 1972
20, 3006
21, 1186
22, 2540
23, 3270
24, 1651
25, 878
26, 2486
27, 699
28, 3896
29, 620
30, 1828
31, 1046
32, 5056
33, 2891
34, 1656
35, 2002
36, 3958
37, 2245
38, 3223
39, 2943
40, 1656
41, 2276
42, 2210
43, 1253
44, 1031
45, 989
46, 1204
47, 1200
48, 2300
49, 2245
50, 2786
51, 1282
52, 553
53, 581
54, 4426
55, 1143
56, 3133
57, 2255
58, 2748
59, 909
60, 1165
61, 2035
62, 3923
63, 2479
64, 1034
65, 2739
66, 4476
67, 2750
68, 2812
69, 2390
70, 3432
71, 2076
72, 1477
73, 4289
74, 2379
75, 2081
76, 1297
77, 2684
78, 1880
79, 1036
80, 2074
81, 1214
82, 1342
83, 1230
84, 1644
85, 2026
86, 1776
87, 2750
88, 1859
89, 3344
90, 2544
91, 2415
92, 3635
93, 2189
94, 3066
95, 3145
96, 363
97, 280
98, 5545
99, 857
>>(Avg Hits): (2362)
STS/STS3.epd
0, 341
1, 1503
2, 2312
3, 1323
4, 1187
5, 877
6, 956
7, 724
8, 1721
9, 1825
10, 1862
11, 2005
12, 1722
13, 1278
14, 1848
15, 2382
16, 3269
17, 900
18, 1728
19, 1389
20, 1685
21, 1887
22, 933
23, 966
24, 2049
25, 2434
26, 6506
27, 1885
28, 851
29, 1304
30, 1639
31, 2043
32, 1516
33, 1155
34, 1634
35, 1386
36, 2049
37, 814
38, 1185
39, 918
40, 838
41, 896
42, 926
43, 1616
44, 2356
45, 2337
46, 1796
47, 1804
48, 3651
49, 2077
50, 1911
51, 1940
52, 1337
53, 2866
54, 1173
55, 1104
56, 1641
57, 1685
58, 1877
59, 2688
60, 1513
61, 3970
62, 3095
63, 742
64, 3459
65, 1850
66, 1732
67, 2132
68, 1447
69, 1635
70, 756
71, 1098
72, 959
73, 1466
74, 819
75, 687
76, 1340
77, 1314
78, 871
79, 1302
80, 1596
81, 2977
82, 1683
83, 1257
84, 850
85, 1423
86, 2907
87, 2427
88, 965
89, 1311
90, 1291
91, 3946
92, 3631
93, 1771
94, 1083
95, 1445
96, 1824
97, 2154
98, 1351
99, 1040
>>(Avg Hits): (1716)
STS/STS4.epd
0, 2372
1, 1493
2, 2596
3, 1766
4, 1841
5, 1475
6, 3281
7, 6811
8, 2204
9, 1195
10, 404
11, 2200
12, 918
13, 3439
14, 1722
15, 2341
16, 5059
17, 1626
18, 3039
19, 3648
20, 1445
21, 2135
22, 3101
23, 1605
24, 1271
25, 1436
26, 1037
27, 1890
28, 1311
29, 794
30, 1779
31, 1912
32, 1387
33, 2383
34, 2377
35, 1873
36, 1758
37, 1219
38, 1257
39, 1629
40, 1886
41, 878
42, 1856
43, 3080
44, 3659
45, 2445
46, 1288
47, 1400
48, 1670
49, 2228
50, 1268
51, 1812
52, 1444
53, 1152
54, 3128
55, 1659
56, 1416
57, 2967
58, 3619
59, 1886
60, 2758
61, 1228
62, 2153
63, 2964
64, 1106
65, 2413
66, 6788
67, 1819
68, 851
69, 1078
70, 3325
71, 1884
72, 2226
73, 2791
74, 1981
75, 1426
76, 2236
77, 1335
78, 2089
79, 1818
80, 852
81, 2301
82, 1567
83, 1009
84, 751
85, 2385
86, 1653
87, 1851
88, 1559
89, 3826
90, 1966
91, 639
92, 2205
93, 3755
94, 3378
95, 1231
96, 871
97, 1600
98, 1319
99, 3191
>>(Avg Hits): (2059)
STS/STS5.epd
0, 1507
1, 1004
2, 1066
3, 1421
4, 3130
5, 2019
6, 1100
7, 2323
8, 1510
9, 795
10, 3021
11, 1412
12, 1591
13, 3264
14, 1146
15, 2670
16, 7735
17, 1901
18, 1501
19, 1925
20, 2036
21, 2151
22, 3152
23, 896
24, 1150
25, 1313
26, 1256
27, 2841
28, 2897
29, 809
30, 2394
31, 2503
32, 1538
33, 2325
34, 1692
35, 1188
36, 1622
37, 1834
38, 492
39, 4058
40, 2529
41, 1712
42, 889
43, 1559
44, 556
45, 1345
46, 1351
47, 1191
48, 957
49, 1386
50, 3007
51, 4658
52, 730
53, 5083
54, 1262
55, 1052
56, 4325
57, 1481
58, 2426
59, 3844
60, 2952
61, 1932
62, 2493
63, 2355
64, 943
65, 789
66, 980
67, 663
68, 2415
69, 1411
70, 1825
71, 213
72, 2493
73, 1700
74, 2001
75, 1551
76, 1745
77, 1257
78, 1410
79, 896
80, 1429
81, 2036
82, 2063
83, 1226
84, 636
85, 2339
86, 1204
87, 1736
88, 1495
89, 743
90, 1393
91, 1747
92, 1197
93, 4119
94, 2296
95, 559
96, 1406
97, 3008
98, 2010
99, 1450
>>(Avg Hits): (1876)
STS/STS6.epd
0, 1508
1, 2071
2, 2064
3, 3139
4, 2064
5, 1901
6, 878
7, 1743
8, 620
9, 2856
10, 894
11, 2034
12, 1025
13, 1304
14, 1488
15, 2619
16, 1956
17, 1170
18, 1225
19, 2609
20, 2569
21, 2547
22, 1572
23, 1486
24, 1895
25, 716
26, 2042
27, 2095
28, 2106
29, 1360
30, 3343
31, 1270
32, 1492
33, 1273
34, 1164
35, 2306
36, 2274
37, 2738
38, 826
39, 1901
40, 1436
41, 1589
42, 1813
43, 1662
44, 1604
45, 1198
46, 1851
47, 3437
48, 2439
49, 1455
50, 1665
51, 812
52, 1350
53, 6024
54, 747
55, 1974
56, 2166
57, 3162
58, 3805
59, 967
60, 851
61, 3392
62, 1797
63, 1982
64, 1488
65, 1774
66, 1424
67, 2672
68, 2050
69, 1559
70, 1786
71, 2294
72, 823
73, 3116
74, 2911
75, 2314
76, 2456
77, 2194
78, 1768
79, 1744
80, 2166
81, 1477
82, 1323
83, 2670
84, 731
85, 3775
86, 1251
87, 2333
88, 2367
89, 3883
90, 1178
91, 1414
92, 1428
93, 2027
94, 1950
95, 1903
96, 1621
97, 669
98, 1089
99, 1094
>>(Avg Hits): (1900)
STS/STS7.epd
0, 1692
1, 1277
2, 1775
3, 684
4, 960
5, 496
6, 2905
7, 2536
8, 1790
9, 1836
10, 1482
11, 2457
12, 2311
13, 2158
14, 1582
15, 1066
16, 1163
17, 2035
18, 1794
19, 1573
20, 2657
21, 1438
22, 904
23, 1352
24, 2985
25, 1703
26, 1184
27, 1481
28, 2374
29, 2635
30, 1339
31, 2736
32, 3076
33, 905
34, 1556
35, 1803
36, 3210
37, 2382
38, 807
39, 2065
40, 1388
41, 2634
42, 2365
43, 1343
44, 193
45, 777
46, 1994
47, 1554
48, 317
49, 2311
50, 1995
51, 1836
52, 1722
53, 1456
54, 1320
55, 525
56, 2659
57, 1382
58, 2904
59, 2156
60, 1227
61, 1457
62, 1976
63, 1993
64, 1117
65, 2119
66, 2815
67, 7320
68, 1572
69, 1877
70, 1268
71, 2082
72, 2446
73, 1597
74, 1797
75, 1918
76, 860
77, 875
78, 3288
79, 1034
80, 831
81, 2204
82, 904
83, 1951
84, 1540
85, 2570
86, 882
87, 513
88, 1879
89, 1267
90, 1146
91, 1428
92, 1228
93, 1471
94, 827
95, 1025
96, 1054
97, 1973
98, 1026
99, 377
>>(Avg Hits): (1717)
STS/STS8.epd
0, 1266
1, 2116
2, 1330
3, 2374
4, 2271
5, 2429
6, 1336
7, 843
8, 1366
9, 1698
10, 2850
11, 1796
12, 1934
13, 2766
14, 329
15, 2070
16, 1624
17, 1343
18, 884
19, 1134
20, 2312
21, 2459
22, 2909
23, 1016
24, 2018
25, 1695
26, 1285
27, 2215
28, 2771
29, 2355
30, 2292
31, 2422
32, 1772
33, 866
34, 3179
35, 1216
36, 2964
37, 1977
38, 615
39, 2231
40, 1158
41, 1070
42, 999
43, 2550
44, 835
45, 2713
46, 903
47, 4296
48, 2720
49, 886
50, 1713
51, 1073
52, 2358
53, 905
54, 1101
55, 780
56, 1364
57, 944
58, 595
59, 1727
60, 816
61, 1602
62, 2497
63, 1189
64, 2426
65, 1649
66, 1181
67, 1990
68, 1963
69, 2017
70, 2437
71, 444
72, 2719
73, 1096
74, 1576
75, 880
76, 1307
77, 1044
78, 1153
79, 1501
80, 2974
81, 823
82, 1024
83, 1539
84, 815
85, 690
86, 1561
87, 1375
88, 1163
89, 2414
90, 1460
91, 792
92, 1954
93, 1049
94, 1654
95, 1210
96, 1355
97, 2235
98, 2768
99, 1197
>>(Avg Hits): (1665)
STS/STS9.epd
0, 3445
1, 1104
2, 3946
3, 2272
4, 1560
5, 906
6, 1614
7, 2183
8, 560
9, 2486
10, 1080
11, 2171
12, 1998
13, 2831
14, 1891
15, 2914
16, 2948
17, 898
18, 1872
19, 1732
20, 2247
21, 2268
22, 1165
23, 2231
24, 1390
25, 2022
26, 1469
27, 3302
28, 2270
29, 3464
30, 2166
31, 2347
32, 1444
33, 2591
34, 1883
35, 2946
36, 2368
37, 2393
38, 958
39, 1153
40, 1570
41, 2619
42, 1613
43, 1327
44, 1818
45, 1952
46, 1820
47, 1517
48, 3041
49, 1971
50, 2796
51, 2512
52, 1922
53, 1413
54, 2812
55, 4303
56, 2636
57, 1659
58, 1639
59, 2932
60, 2186
61, 1360
62, 2310
63, 1854
64, 4691
65, 2782
66, 1288
67, 3372
68, 888
69, 1162
70, 2092
71, 3227
72, 2927
73, 1857
74, 3012
75, 2284
76, 866
77, 1621
78, 1795
79, 2136
80, 959
81, 2151
82, 2410
83, 2209
84, 2637
85, 709
86, 1387
87, 2094
88, 4969
89, 1987
90, 2069
91, 2413
92, 1432
93, 1289
94, 2002
95, 1987
96, 1200
97, 4320
98, 1808
99, 2478
>>(Avg Hits): (2125)
STS/STS10.epd
0, 1964
1, 1728
2, 1933
3, 1914
4, 2430
5, 753
6, 2185
7, 3244
8, 1011
9, 873
10, 2193
11, 2086
12, 829
13, 1741
14, 1586
15, 1897
16, 1717
17, 2663
18, 3674
19, 2641
20, 1189
21, 1346
22, 6826
23, 3597
24, 3066
25, 2225
26, 1402
27, 3496
28, 1526
29, 1372
30, 787
31, 2087
32, 2968
33, 2767
34, 2452
35, 1314
36, 1688
37, 1330
38, 949
39, 2297
40, 2660
41, 5294
42, 497
43, 2623
44, 893
45, 2803
46, 4147
47, 2801
48, 2035
49, 2010
50, 1635
51, 3178
52, 2306
53, 361
54, 3298
55, 2893
56, 2328
57, 1806
58, 2614
59, 1598
60, 4200
61, 1909
62, 2108
63, 2452
64, 3207
65, 2936
66, 2417
67, 4368
68, 2832
69, 2900
70, 1119
71, 4097
72, 2223
73, 1733
74, 2049
75, 2685
76, 1818
77, 1854
78, 2758
79, 2236
80, 1563
81, 2020
82, 1687
83, 3462
84, 1936
85, 1114
86, 1964
87, 1733
88, 1101
89, 2599
90, 2580
91, 1907
92, 1686
93, 2843
94, 1556
95, 1025
96, 3937
97, 3711
98, 4691
99, 1551
>>(Avg Hits): (2280)
STS/STS11.epd
0, 5903
1, 5531
2, 5303
3, 2926
4, 2015
5, 856
6, 5599
7, 2081
8, 675
9, 2295
10, 2024
11, 1499
12, 781
13, 1836
14, 696
15, 5247
16, 2921
17, 1843
18, 956
19, 4156
20, 1565
21, 1999
22, 4424
23, 1557
24, 2720
25, 3455
26, 4702
27, 2333
28, 4632
29, 2672
30, 3524
31, 2478
32, 2879
33, 3268
34, 2571
35, 1874
36, 3103
37, 2755
38, 1298
39, 9379
40, 8915
41, 2419
42, 2520
43, 1748
44, 2535
45, 5150
46, 1461
47, 3921
48, 3422
49, 1969
50, 2242
51, 1750
52, 1830
53, 3103
54, 2155
55, 5772
56, 3942
57, 4813
58, 3618
59, 3423
60, 3685
61, 3468
62, 3078
63, 6936
64, 3565
65, 4569
66, 2032
67, 1407
68, 1385
69, 6757
70, 5618
71, 5458
72, 3355
73, 3364
74, 2648
75, 3776
76, 4287
77, 2909
78, 5078
79, 1545
80, 2403
81, 4876
82, 2368
83, 7887
84, 2389
85, 4446
86, 2450
87, 3365
88, 5238
89, 11325
90, 4118
91, 2069
92, 3387
93, 1607
94, 1247
95, 1950
96, 1351
97, 2083
98, 2275
99, 5953
>>(Avg Hits): (3327)
STS/STS12.epd
0, 1932
1, 2408
2, 1761
3, 1698
4, 1862
5, 1663
6, 1534
7, 2459
8, 738
9, 4013
10, 906
11, 1831
12, 927
13, 1788
14, 969
15, 1228
16, 1527
17, 1622
18, 1101
19, 1054
20, 877
21, 1583
22, 1315
23, 1881
24, 1404
25, 1393
26, 2106
27, 4515
28, 2363
29, 1203
30, 2039
31, 2072
32, 1449
33, 700
34, 2623
35, 1034
36, 1314
37, 4190
38, 3586
39, 1295
40, 2531
41, 3258
42, 3071
43, 2118
44, 3455
45, 3724
46, 1827
47, 2842
48, 2002
49, 3059
50, 2712
51, 2966
52, 1910
53, 1763
54, 2920
55, 2245
56, 1534
57, 1649
58, 1547
59, 1524
60, 2828
61, 2896
62, 4150
63, 5671
64, 4229
65, 1347
66, 3449
67, 3932
68, 2388
69, 2589
70, 3193
71, 2203
72, 1577
73, 1171
74, 882
75, 3628
76, 1231
77, 1493
78, 1462
79, 681
80, 1590
81, 1806
82, 2852
83, 1062
84, 2624
85, 2856
86, 3317
87, 1039
88, 1674
89, 1935
90, 2750
91, 2946
92, 1752
93, 2551
94, 3017
95, 2738
96, 1144
97, 2290
98, 1483
99, 4875
>>(Avg Hits): (2179)
STS/STS13.epd
0, 3197
1, 759
2, 2740
3, 1545
4, 1889
5, 1940
6, 2106
7, 434
8, 863
9, 755
10, 2767
11, 1668
12, 1435
13, 3274
14, 1152
15, 1221
16, 2141
17, 1207
18, 2790
19, 2231
20, 2644
21, 2068
22, 778
23, 2567
24, 728
25, 2228
26, 839
27, 813
28, 466
29, 854
30, 1271
31, 811
32, 2001
33, 844
34, 744
35, 1134
36, 1243
37, 485
38, 328
39, 1549
40, 1352
41, 1424
42, 2487
43, 968
44, 986
45, 1073
46, 939
47, 2273
48, 799
49, 2924
50, 1437
51, 1488
52, 870
53, 2308
54, 2307
55, 2421
56, 1511
57, 379
58, 3327
59, 766
60, 1235
61, 3789
62, 1883
63, 1682
64, 918
65, 1329
66, 1088
67, 2114
68, 741
69, 330
70, 1163
71, 1463
72, 1241
73, 589
74, 1071
75, 1884
76, 3348
77, 539
78, 1717
79, 1278
80, 3401
81, 1752
82, 1697
83, 1270
84, 2092
85, 982
86, 836
87, 1375
88, 1333
89, 2327
90, 2308
91, 774
92, 1617
93, 1464
94, 770
95, 2002
96, 1457
97, 1239
98, 2347
99, 4333
>>(Avg Hits): (1573)
STS/STS14.epd
0, 1076
1, 1151
2, 1335
3, 778
4, 594
5, 2336
6, 1372
7, 720
8, 1633
9, 2657
10, 1007
11, 866
12, 880
13, 5144
14, 522
15, 2278
16, 477
17, 1053
18, 768
19, 1344
20, 408
21, 1264
22, 4111
23, 3793
24, 1275
25, 1036
26, 996
27, 2871
28, 1289
29, 1733
30, 823
31, 2411
32, 1106
33, 4014
34, 3031
35, 4420
36, 3856
37, 1434
38, 2351
39, 1701
40, 1584
41, 2588
42, 2595
43, 1551
44, 1337
45, 1950
46, 1852
47, 2734
48, 1996
49, 3503
50, 1409
51, 3480
52, 2019
53, 2370
54, 1594
55, 1639
56, 3862
57, 1806
58, 795
59, 2431
60, 1371
61, 2103
62, 2855
63, 3841
64, 3326
65, 1567
66, 3019
67, 1644
68, 1258
69, 1722
70, 2768
71, 1485
72, 860
73, 2283
74, 2231
75, 1875
76, 1410
77, 408
78, 2232
79, 822
80, 1100
81, 1366
82, 1684
83, 1170
84, 3074
85, 1173
86, 3927
87, 4644
88, 843
89, 919
90, 2084
91, 1006
92, 1320
93, 2243
94, 1839
95, 3424
96, 2018
97, 529
98, 3662
99, 3707
>>(Avg Hits): (1958)
