STS/STS1.epd
0, 382, 140
1, 306, 97
2, 377, 212
3, 326, 132
4, 615, 375
5, 658, 242
6, 98, 85
7, 92, 137
8, 465, 143
9, 295, 112
10, 341, 178
11, 222, 134
12, 514, 149
13, 76, 92
14, 368, 123
15, 630, 251
16, 255, 104
17, 331, 185
18, 1659, 767
19, 304, 178
20, 411, 83
21, 327, 106
22, 290, 139
23, 431, 94
24, 586, 281
25, 358, 132
26, 517, 170
27, 465, 292
28, 581, 130
29, 281, 120
30, 134, 164
31, 532, 121
32, 315, 111
33, 308, 140
34, 135, 123
35, 576, 127
36, 361, 266
37, 295, 133
38, 395, 155
39, 120, 115
40, 399, 86
41, 378, 141
42, 524, 333
43, 324, 118
44, 395, 77
45, 50, 65
46, 389, 179
47, 299, 121
48, 422, 165
49, 112, 151
50, 553, 80
51, 385, 116
52, 157, 166
53, 319, 298
54, 212, 196
55, 370, 105
56, 364, 111
57, 419, 112
58, 144, 92
59, 240, 105
60, 413, 80
61, 525, 272
62, 176, 165
63, 218, 184
64, 177, 146
65, 254, 119
66, 407, 83
67, 1558, 1260
68, 712, 575
69, 180, 92
70, 187, 113
71, 612, 419
72, 538, 155
73, 275, 141
74, 178, 63
75, 515, 107
76, 525, 183
77, 439, 169
78, 354, 154
79, 339, 109
80, 294, 137
81, 459, 104
82, 404, 108
83, 221, 139
84, 426, 146
85, 367, 114
86, 315, 215
87, 61, 99
88, 484, 322
89, 318, 93
90, 315, 122
91, 489, 147
92, 719, 487
93, 571, 108
94, 284, 129
95, 337, 159
96, 498, 112
97, 255, 98
98, 378, 117
99, 451, 124
>>(Avg Hits): (384, 173)
STS/STS2.epd
0, 211, 93
1, 357, 147
2, 220, 96
3, 405, 404
4, 352, 111
5, 390, 101
6, 248, 102
7, 277, 82
8, 675, 514
9, 254, 182
10, 538, 336
11, 442, 297
12, 407, 396
13, 658, 393
14, 430, 324
15, 477, 222
16, 249, 100
17, 222, 96
18, 364, 169
19, 179, 90
20, 227, 137
21, 311, 172
22, 148, 113
23, 337, 132
24, 305, 91
25, 371, 163
26, 782, 426
27, 251, 84
28, 117, 94
29, 358, 107
30, 497, 344
31, 230, 116
32, 100, 91
33, 267, 104
34, 210, 230
35, 339, 171
36, 616, 248
37, 240, 122
38, 225, 169
39, 572, 304
40, 308, 283
41, 249, 141
42, 389, 168
43, 173, 101
44, 173, 101
45, 417, 144
46, 184, 117
47, 526, 95
48, 715, 438
49, 129, 99
50, 312, 203
51, 100, 85
52, 313, 101
53, 275, 131
54, 432, 276
55, 421, 88
56, 358, 336
57, 428, 115
58, 266, 119
59, 130, 169
60, 397, 111
61, 301, 95
62, 273, 138
63, 279, 80
64, 226, 115
65, 1034, 777
66, 475, 342
67, 752, 556
68, 504, 411
69, 209, 216
70, 259, 151
71, 602, 464
72, 315, 156
73, 946, 794
74, 311, 224
75, 455, 115
76, 478, 100
77, 484, 293
78, 164, 135
79, 282, 124
80, 156, 115
81, 466, 163
82, 151, 145
83, 223, 139
84, 81, 128
85, 271, 101
86, 533, 176
87, 365, 99
88, 170, 140
89, 566, 111
90, 357, 103
91, 115, 120
92, 408, 111
93, 237, 130
94, 732, 482
95, 263, 156
96, 581, 99
97, 429, 190
98, 764, 465
99, 558, 131
>>(Avg Hits): (363, 196)
STS/STS3.epd
0, 168, 131
1, 365, 201
2, 250, 80
3, 273, 93
4, 215, 86
5, 181, 152
6, 317, 144
7, 258, 91
8, 485, 128
9, 147, 113
10, 673, 169
11, 169, 174
12, 332, 115
13, 325, 102
14, 895, 587
15, 192, 156
16, 322, 202
17, 432, 120
18, 275, 173
19, 238, 171
20, 247, 106
21, 243, 111
22, 323, 120
23, 465, 135
24, 411, 131
25, 269, 171
26, 803, 617
27, 222, 123
28, 487, 97
29, 61, 111
30, 332, 93
31, 170, 102
32, 307, 121
33, 118, 152
34, 222, 190
35, 335, 106
36, 166, 107
37, 463, 70
38, 71, 108
39, 255, 138
40, 289, 95
41, 312, 191
42, 257, 158
43, 340, 306
44, 213, 144
45, 53, 91
46, 185, 121
47, 374, 167
48, 179, 109
49, 201, 128
50, 761, 101
51, 558, 264
52, 220, 153
53, 375, 103
54, 495, 85
55, 122, 134
56, 263, 111
57, 407, 226
58, 311, 146
59, 237, 213
60, 281, 152
61, 288, 189
62, 463, 362
63, 441, 135
64, 176, 143
65, 266, 96
66, 167, 231
67, 879, 361
68, 246, 182
69, 126, 83
70, 463, 109
71, 455, 166
72, 256, 106
73, 83, 95
74, 264, 178
75, 514, 72
76, 419, 95
77, 176, 237
78, 331, 124
79, 498, 94
80, 638, 120
81, 283, 86
82, 272, 98
83, 546, 96
84, 257, 112
85, 173, 117
86, 399, 146
87, 278, 89
88, 401, 118
89, 182, 102
90, 441, 198
91, 335, 166
92, 208, 93
93, 381, 108
94, 293, 93
95, 333, 106
96, 314, 91
97, 306, 170
98, 607, 100
99, 144, 97
>>(Avg Hits): (322, 146)
STS/STS4.epd
0, 497, 144
1, 214, 94
2, 174, 196
3, 306, 112
4, 362, 119
5, 358, 99
6, 393, 313
7, 746, 584
8, 328, 161
9, 366, 167
10, 360, 82
11, 173, 115
12, 251, 95
13, 404, 190
14, 367, 98
15, 235, 278
16, 552, 374
17, 168, 100
18, 134, 113
19, 374, 129
20, 263, 116
21, 278, 141
22, 216, 100
23, 228, 176
24, 145, 158
25, 299, 129
26, 327, 216
27, 293, 135
28, 150, 107
29, 271, 159
30, 297, 318
31, 186, 179
32, 235, 190
33, 339, 211
34, 432, 85
35, 193, 91
36, 268, 141
37, 214, 117
38, 218, 150
39, 291, 92
40, 618, 144
41, 336, 146
42, 415, 143
43, 301, 216
44, 258, 141
45, 587, 534
46, 177, 113
47, 202, 107
48, 241, 163
49, 492, 251
50, 367, 93
51, 369, 154
52, 73, 94
53, 238, 117
54, 278, 276
55, 163, 226
56, 440, 71
57, 151, 126
58, 298, 141
59, 139, 99
60, 182, 177
61, 308, 102
62, 236, 132
63, 313, 126
64, 312, 92
65, 360, 181
66, 290, 214
67, 511, 162
68, 272, 140
69, 489, 145
70, 222, 141
71, 288, 186
72, 221, 147
73, 267, 153
74, 796, 565
75, 283, 115
76, 314, 121
77, 356, 104
78, 139, 113
79, 382, 121
80, 324, 142
81, 333, 132
82, 177, 230
83, 242, 172
84, 457, 156
85, 353, 203
86, 235, 123
87, 381, 114
88, 277, 95
89, 208, 139
90, 278, 151
91, 698, 242
92, 354, 104
93, 204, 119
94, 356, 119
95, 230, 140
96, 495, 113
97, 212, 114
98, 207, 154
99, 710, 488
>>(Avg Hits): (313, 164)
STS/STS5.epd
0, 314, 121
1, 187, 88
2, 213, 79
3, 679, 83
4, 256, 81
5, 587, 149
6, 328, 122
7, 396, 89
8, 586, 97
9, 708, 166
10, 180, 212
11, 397, 178
12, 430, 225
13, 292, 146
14, 232, 217
15, 525, 329
16, 519, 323
17, 146, 87
18, 171, 250
19, 162, 91
20, 373, 101
21, 153, 108
22, 366, 78
23, 325, 91
24, 202, 97
25, 252, 88
26, 260, 130
27, 200, 116
28, 344, 240
29, 307, 93
30, 167, 115
31, 353, 162
32, 52, 68
33, 125, 118
34, 439, 79
35, 295, 79
36, 247, 123
37, 632, 78
38, 413, 115
39, 376, 333
40, 59, 86
41, 174, 68
42, 314, 106
43, 287, 83
44, 216, 86
45, 480, 109
46, 273, 114
47, 43, 102
48, 95, 108
49, 547, 347
50, 265, 89
51, 814, 385
52, 551, 71
53, 233, 144
54, 521, 103
55, 289, 96
56, 173, 105
57, 158, 101
58, 456, 190
59, 911, 611
60, 479, 115
61, 308, 294
62, 711, 448
63, 174, 89
64, 472, 116
65, 581, 74
66, 172, 87
67, 427, 86
68, 187, 97
69, 293, 102
70, 508, 129
71, 202, 113
72, 390, 125
73, 122, 120
74, 168, 74
75, 399, 75
76, 295, 68
77, 102, 110
78, 514, 83
79, 382, 97
80, 75, 112
81, 485, 71
82, 108, 101
83, 551, 75
84, 688, 116
85, 281, 78
86, 43, 98
87, 267, 73
88, 364, 76
89, 89, 114
90, 110, 83
91, 120, 91
92, 338, 74
93, 291, 171
94, 344, 87
95, 57, 109
96, 254, 94
97, 49, 83
98, 198, 81
99, 361, 77
>>(Avg Hits): (320, 130)
STS/STS6.epd
0, 145, 95
1, 189, 197
2, 377, 93
3, 457, 254
4, 548, 275
5, 459, 164
6, 402, 79
7, 436, 95
8, 48, 87
9, 549, 500
10, 480, 85
11, 264, 205
12, 454, 73
13, 415, 88
14, 267, 131
15, 366, 107
16, 334, 104
17, 335, 94
18, 287, 84
19, 327, 113
20, 318, 103
21, 308, 115
22, 250, 150
23, 332, 120
24, 587, 92
25, 467, 174
26, 183, 98
27, 154, 72
28, 173, 90
29, 302, 75
30, 247, 99
31, 281, 137
32, 152, 210
33, 312, 73
34, 317, 75
35, 266, 96
36, 292, 104
37, 308, 103
38, 468, 192
39, 84, 107
40, 107, 162
41, 76, 91
42, 84, 144
43, 79, 152
44, 483, 138
45, 207, 208
46, 61, 106
47, 376, 204
48, 383, 202
49, 492, 119
50, 495, 333
51, 245, 98
52, 317, 192
53, 908, 732
54, 330, 139
55, 519, 119
56, 190, 148
57, 621, 158
58, 310, 104
59, 560, 87
60, 476, 86
61, 37, 90
62, 157, 81
63, 231, 78
64, 275, 93
65, 290, 90
66, 79, 152
67, 361, 93
68, 225, 67
69, 459, 91
70, 540, 157
71, 498, 98
72, 333, 102
73, 57, 83
74, 207, 102
75, 164, 82
76, 413, 109
77, 105, 167
78, 132, 173
79, 134, 172
80, 435, 451
81, 500, 99
82, 224, 155
83, 468, 367
84, 54, 106
85, 273, 172
86, 110, 157
87, 222, 127
88, 698, 462
89, 599, 295
90, 289, 101
91, 453, 83
92, 273, 79
93, 453, 251
94, 161, 187
95, 281, 150
96, 312, 77
97, 294, 181
98, 417, 75
99, 547, 112
>>(Avg Hits): (320, 146)
STS/STS7.epd
0, 373, 298
1, 142, 176
2, 397, 212
3, 354, 311
4, 241, 145
5, 358, 95
6, 438, 94
7, 191, 102
8, 647, 99
9, 282, 145
10, 291, 325
11, 381, 156
12, 345, 92
13, 263, 125
14, 132, 104
15, 460, 120
16, 503, 106
17, 373, 211
18, 254, 187
19, 267, 161
20, 434, 104
21, 306, 98
22, 130, 108
23, 483, 154
24, 146, 101
25, 881, 609
26, 49, 104
27, 313, 86
28, 132, 125
29, 346, 192
30, 265, 139
31, 434, 319
32, 386, 280
33, 232, 98
34, 513, 280
35, 176, 136
36, 409, 374
37, 369, 77
38, 388, 100
39, 460, 113
40, 391, 131
41, 185, 224
42, 280, 152
43, 126, 160
44, 843, 154
45, 341, 150
46, 148, 151
47, 283, 116
48, 448, 149
49, 212, 148
50, 204, 154
51, 515, 179
52, 225, 116
53, 197, 154
54, 522, 106
55, 383, 142
56, 101, 128
57, 341, 187
58, 194, 186
59, 177, 140
60, 106, 137
61, 271, 92
62, 131, 127
63, 251, 106
64, 88, 129
65, 435, 127
66, 659, 248
67, 818, 490
68, 159, 113
69, 290, 189
70, 339, 69
71, 284, 108
72, 477, 92
73, 166, 128
74, 201, 153
75, 207, 124
76, 425, 106
77, 258, 181
78, 458, 163
79, 170, 223
80, 250, 142
81, 367, 212
82, 599, 174
83, 155, 138
84, 308, 132
85, 133, 108
86, 289, 241
87, 558, 95
88, 614, 140
89, 59, 126
90, 555, 102
91, 258, 125
92, 51, 103
93, 407, 171
94, 196, 119
95, 256, 142
96, 206, 87
97, 220, 134
98, 347, 108
99, 231, 98
>>(Avg Hits): (319, 156)
STS/STS8.epd
0, 300, 113
1, 330, 94
2, 497, 151
3, 346, 120
4, 255, 83
5, 234, 117
6, 175, 113
7, 468, 82
8, 517, 282
9, 147, 155
10, 419, 218
11, 404, 144
12, 298, 123
13, 348, 121
14, 261, 122
15, 278, 69
16, 366, 136
17, 270, 87
18, 451, 104
19, 252, 128
20, 89, 100
21, 504, 141
22, 266, 173
23, 668, 219
24, 77, 82
25, 116, 91
26, 488, 186
27, 313, 165
28, 402, 387
29, 307, 344
30, 168, 137
31, 211, 92
32, 305, 124
33, 740, 117
34, 224, 135
35, 232, 86
36, 230, 226
37, 385, 109
38, 266, 141
39, 418, 138
40, 802, 111
41, 283, 82
42, 293, 113
43, 295, 205
44, 288, 136
45, 289, 110
46, 243, 106
47, 143, 89
48, 247, 175
49, 299, 105
50, 833, 125
51, 173, 151
52, 527, 148
53, 197, 138
54, 165, 110
55, 434, 103
56, 212, 133
57, 240, 107
58, 369, 110
59, 210, 210
60, 223, 108
61, 83, 115
62, 1331, 702
63, 244, 133
64, 244, 146
65, 271, 146
66, 268, 145
67, 375, 81
68, 269, 154
69, 419, 126
70, 236, 156
71, 536, 136
72, 434, 108
73, 291, 349
74, 277, 136
75, 246, 338
76, 84, 113
77, 212, 234
78, 378, 86
79, 389, 116
80, 352, 106
81, 475, 362
82, 382, 131
83, 202, 107
84, 267, 88
85, 208, 122
86, 304, 109
87, 403, 166
88, 464, 117
89, 339, 173
90, 317, 115
91, 91, 106
92, 336, 146
93, 245, 136
94, 457, 120
95, 564, 78
96, 492, 374
97, 188, 140
98, 101, 139
99, 332, 150
>>(Avg Hits): (328, 149)
STS/STS9.epd
0, 215, 165
1, 309, 130
2, 169, 127
3, 397, 86
4, 494, 276
5, 323, 103
6, 756, 83
7, 66, 95
8, 405, 138
9, 467, 181
10, 296, 111
11, 593, 155
12, 417, 149
13, 288, 133
14, 190, 81
15, 598, 83
16, 227, 116
17, 61, 88
18, 259, 77
19, 718, 149
20, 304, 142
21, 257, 112
22, 489, 131
23, 137, 162
24, 72, 119
25, 672, 159
26, 235, 95
27, 219, 110
28, 227, 88
29, 137, 119
30, 331, 130
31, 309, 167
32, 256, 94
33, 517, 83
34, 333, 99
35, 197, 90
36, 254, 85
37, 176, 106
38, 117, 52
39, 410, 155
40, 509, 111
41, 294, 108
42, 490, 149
43, 392, 69
44, 299, 163
45, 236, 164
46, 473, 157
47, 270, 200
48, 173, 168
49, 421, 149
50, 152, 128
51, 240, 89
52, 517, 159
53, 282, 126
54, 340, 146
55, 434, 74
56, 156, 108
57, 419, 128
58, 335, 106
59, 403, 104
60, 337, 117
61, 239, 139
62, 467, 130
63, 182, 97
64, 636, 366
65, 509, 360
66, 385, 101
67, 344, 148
68, 179, 84
69, 823, 119
70, 333, 125
71, 412, 282
72, 569, 116
73, 242, 109
74, 390, 111
75, 216, 95
76, 424, 148
77, 159, 79
78, 577, 128
79, 213, 100
80, 297, 104
81, 349, 86
82, 151, 117
83, 217, 104
84, 353, 77
85, 335, 107
86, 177, 118
87, 276, 167
88, 374, 153
89, 409, 154
90, 465, 120
91, 257, 97
92, 100, 85
93, 368, 115
94, 352, 128
95, 426, 136
96, 192, 102
97, 346, 280
98, 407, 168
99, 307, 148
>>(Avg Hits): (335, 129)
STS/STS10.epd
0, 583, 129
1, 228, 94
2, 501, 99
3, 370, 98
4, 304, 81
5, 218, 144
6, 340, 82
7, 130, 79
8, 62, 78
9, 244, 108
10, 398, 168
11, 520, 115
12, 395, 82
13, 496, 79
14, 441, 150
15, 304, 77
16, 551, 103
17, 320, 218
18, 465, 358
19, 479, 307
20, 131, 127
21, 311, 125
22, 757, 492
23, 324, 281
24, 138, 201
25, 338, 150
26, 278, 83
27, 480, 192
28, 887, 140
29, 516, 191
30, 638, 78
31, 489, 74
32, 338, 73
33, 391, 144
34, 204, 107
35, 162, 73
36, 632, 81
37, 528, 209
38, 444, 88
39, 146, 71
40, 204, 159
41, 261, 96
42, 544, 98
43, 189, 167
44, 275, 94
45, 367, 120
46, 345, 130
47, 835, 85
48, 176, 132
49, 598, 116
50, 264, 233
51, 235, 278
52, 455, 81
53, 655, 85
54, 232, 112
55, 167, 162
56, 439, 327
57, 459, 75
58, 401, 136
59, 539, 120
60, 505, 207
61, 289, 245
62, 453, 203
63, 803, 428
64, 266, 124
65, 245, 177
66, 396, 115
67, 467, 238
68, 656, 422
69, 337, 236
70, 308, 94
71, 598, 82
72, 692, 412
73, 347, 100
74, 248, 143
75, 434, 266
76, 351, 83
77, 566, 81
78, 520, 111
79, 479, 157
80, 222, 210
81, 513, 242
82, 369, 104
83, 485, 85
84, 346, 88
85, 210, 104
86, 695, 312
87, 159, 106
88, 532, 118
89, 431, 104
90, 354, 118
91, 354, 93
92, 123, 70
93, 495, 84
94, 325, 107
95, 517, 77
96, 36, 84
97, 399, 206
98, 232, 86
99, 101, 113
>>(Avg Hits): (389, 148)
STS/STS11.epd
0, 193, 161
1, 639, 441
2, 385, 405
3, 306, 208
4, 331, 226
5, 285, 189
6, 760, 521
7, 501, 477
8, 500, 262
9, 111, 161
10, 69, 125
11, 379, 167
12, 45, 88
13, 228, 134
14, 352, 152
15, 498, 342
16, 352, 154
17, 662, 432
18, 62, 90
19, 502, 363
20, 249, 227
21, 580, 133
22, 316, 108
23, 281, 121
24, 652, 531
25, 802, 543
26, 817, 678
27, 592, 373
28, 671, 481
29, 144, 193
30, 368, 235
31, 383, 144
32, 639, 355
33, 425, 255
34, 615, 407
35, 454, 368
36, 629, 255
37, 148, 159
38, 256, 202
39, 928, 444
40, 706, 500
41, 224, 176
42, 166, 168
43, 272, 181
44, 316, 174
45, 341, 112
46, 419, 417
47, 1045, 571
48, 468, 386
49, 335, 322
50, 273, 293
51, 42, 98
52, 263, 129
53, 136, 122
54, 367, 200
55, 574, 283
56, 658, 534
57, 849, 391
58, 313, 284
59, 373, 598
60, 153, 183
61, 416, 165
62, 127, 133
63, 553, 428
64, 547, 410
65, 379, 176
66, 536, 405
67, 229, 171
68, 93, 123
69, 441, 314
70, 577, 429
71, 448, 250
72, 493, 297
73, 135, 163
74, 161, 114
75, 148, 150
76, 437, 609
77, 129, 151
78, 523, 348
79, 438, 132
80, 273, 140
81, 282, 219
82, 250, 172
83, 342, 282
84, 373, 259
85, 375, 295
86, 216, 245
87, 470, 292
88, 268, 115
89, 582, 574
90, 401, 302
91, 474, 304
92, 335, 221
93, 467, 132
94, 62, 92
95, 365, 228
96, 105, 163
97, 420, 154
98, 280, 260
99, 666, 531
>>(Avg Hits): (392, 273)
STS/STS12.epd
0, 219, 68
1, 289, 90
2, 275, 150
3, 104, 116
4, 382, 106
5, 130, 139
6, 250, 105
7, 267, 89
8, 493, 309
9, 279, 67
10, 187, 161
11, 222, 197
12, 323, 93
13, 241, 110
14, 94, 121
15, 702, 412
16, 217, 106
17, 393, 114
18, 192, 160
19, 317, 110
20, 132, 70
21, 371, 145
22, 280, 77
23, 1089, 140
24, 275, 110
25, 218, 94
26, 135, 149
27, 306, 158
28, 122, 177
29, 347, 149
30, 299, 98
31, 471, 110
32, 79, 113
33, 310, 96
34, 351, 78
35, 328, 123
36, 229, 118
37, 277, 127
38, 466, 80
39, 609, 159
40, 193, 135
41, 282, 73
42, 413, 109
43, 313, 128
44, 144, 105
45, 292, 156
46, 439, 131
47, 404, 107
48, 250, 121
49, 471, 343
50, 216, 165
51, 534, 156
52, 561, 101
53, 256, 118
54, 374, 181
55, 802, 392
56, 391, 164
57, 276, 130
58, 328, 165
59, 449, 193
60, 281, 88
61, 368, 273
62, 602, 473
63, 477, 393
64, 688, 574
65, 335, 173
66, 376, 305
67, 614, 444
68, 275, 161
69, 175, 132
70, 142, 161
71, 247, 93
72, 342, 221
73, 547, 134
74, 231, 119
75, 611, 96
76, 280, 124
77, 117, 193
78, 455, 165
79, 301, 85
80, 402, 126
81, 377, 156
82, 263, 213
83, 405, 80
84, 240, 259
85, 381, 215
86, 557, 172
87, 508, 96
88, 287, 114
89, 377, 123
90, 538, 123
91, 244, 160
92, 154, 167
93, 171, 182
94, 291, 228
95, 814, 244
96, 339, 277
97, 199, 140
98, 549, 173
99, 495, 446
>>(Avg Hits): (347, 164)
STS/STS13.epd
0, 659, 167
1, 318, 135
2, 335, 139
3, 637, 189
4, 360, 130
5, 50, 101
6, 400, 94
7, 369, 81
8, 274, 181
9, 262, 84
10, 437, 174
11, 524, 199
12, 240, 126
13, 228, 153
14, 216, 77
15, 393, 136
16, 268, 106
17, 233, 63
18, 233, 102
19, 219, 90
20, 313, 110
21, 204, 155
22, 325, 100
23, 438, 220
24, 257, 144
25, 462, 170
26, 64, 80
27, 580, 101
28, 254, 75
29, 305, 77
30, 526, 145
31, 238, 86
32, 213, 152
33, 520, 82
34, 130, 151
35, 97, 99
36, 555, 144
37, 345, 101
38, 70, 100
39, 288, 203
40, 281, 105
41, 174, 94
42, 158, 106
43, 382, 132
44, 315, 160
45, 299, 306
46, 51, 108
47, 453, 109
48, 187, 147
49, 1132, 548
50, 187, 103
51, 517, 150
52, 595, 162
53, 539, 259
54, 343, 73
55, 276, 294
56, 460, 104
57, 241, 123
58, 150, 119
59, 502, 155
60, 276, 134
61, 437, 142
62, 284, 89
63, 275, 136
64, 418, 147
65, 151, 85
66, 504, 116
67, 349, 142
68, 256, 122
69, 373, 82
70, 244, 116
71, 269, 134
72, 391, 201
73, 116, 75
74, 166, 239
75, 85, 126
76, 272, 97
77, 672, 156
78, 333, 146
79, 252, 109
80, 399, 165
81, 528, 129
82, 714, 85
83, 206, 215
84, 144, 93
85, 260, 140
86, 434, 128
87, 402, 103
88, 127, 119
89, 593, 112
90, 500, 125
91, 446, 117
92, 180, 96
93, 492, 109
94, 496, 164
95, 393, 90
96, 369, 95
97, 370, 114
98, 76, 106
99, 410, 260
>>(Avg Hits): (337, 135)
STS/STS14.epd
0, 98, 130
1, 559, 100
2, 286, 167
3, 283, 131
4, 429, 162
5, 193, 175
6, 258, 151
7, 163, 114
8, 271, 144
9, 579, 324
10, 301, 190
11, 374, 159
12, 208, 194
13, 871, 643
14, 439, 168
15, 585, 166
16, 43, 84
17, 537, 126
18, 62, 91
19, 624, 467
20, 277, 74
21, 390, 109
22, 712, 451
23, 823, 607
24, 91, 144
25, 293, 104
26, 325, 88
27, 257, 147
28, 187, 171
29, 130, 128
30, 501, 115
31, 393, 366
32, 659, 181
33, 711, 410
34, 479, 141
35, 211, 128
36, 576, 467
37, 474, 158
38, 134, 168
39, 458, 377
40, 253, 219
41, 597, 376
42, 1003, 511
43, 270, 98
44, 560, 197
45, 440, 213
46, 245, 172
47, 265, 93
48, 414, 670
49, 257, 187
50, 136, 126
51, 226, 220
52, 513, 99
53, 482, 254
54, 209, 197
55, 191, 152
56, 870, 635
57, 451, 250
58, 267, 123
59, 250, 148
60, 98, 90
61, 224, 122
62, 255, 218
63, 416, 293
64, 435, 304
65, 406, 323
66, 562, 383
67, 303, 144
68, 783, 643
69, 709, 268
70, 429, 285
71, 275, 139
72, 493, 156
73, 78, 90
74, 281, 135
75, 224, 256
76, 345, 130
77, 348, 139
78, 250, 108
79, 571, 117
80, 633, 332
81, 483, 136
82, 174, 190
83, 270, 203
84, 740, 483
85, 266, 84
86, 509, 450
87, 294, 180
88, 285, 112
89, 586, 168
90, 502, 178
91, 438, 147
92, 140, 175
93, 353, 94
94, 325, 131
95, 421, 206
96, 646, 90
97, 377, 116
98, 210, 104
99, 874, 497
>>(Avg Hits): (391, 217)
